Data;Nous casos diaris confirmats;Defuncions diàries;Altes diàries;Total de casos confirmats;Total de defuncions;Total d'altes
24/02/2020;1;0;0;1;0;
25/02/2020;1;0;0;2;0;
26/02/2020;1;0;0;3;0;
27/02/2020;0;0;0;3;0;
28/02/2020;3;0;0;6;0;
29/02/2020;3;0;0;9;0;
01/03/2020;5;0;0;14;0;
02/03/2020;3;0;0;17;0;
03/03/2020;4;0;0;21;0;
04/03/2020;6;0;0;27;0;
05/03/2020;5;0;0;32;0;
06/03/2020;8;1;0;40;1;
07/03/2020;13;0;0;53;1;
08/03/2020;29;0;0;82;1;
09/03/2020;23;2;0;105;3;
10/03/2020;24;0;0;129;3;
11/03/2020;55;1;0;184;4;
12/03/2020;135;2;0;319;6;
13/03/2020;190;0;0;509;6;
14/03/2020;206;2;0;715;8;
15/03/2020;188;4;0;903;12;
16/03/2020;491;6;0;1394;18;
17/03/2020;472;23;0;1866;41;
18/03/2020;836;14;0;2702;55;
19/03/2020;568;27;0;3270;82;82
20/03/2020;933;40;68;4203;122;150
21/03/2020;501;69;494;4704;191;644
22/03/2020;1221;54;84;5925;245;728
23/03/2020;1939;94;27;7864;339;755
24/03/2020;2073;177;519;9937;516;1274
25/03/2020;1655;156;423;11592;672;1697
26/03/2020;1348;208;687;12940;880;2384
27/03/2020;1323;190;722;14263;1070;3106
28/03/2020;763;156;349;15026;1226;3455
29/03/2020;1131;184;670;16157;1410;4125
30/03/2020;2616;262;841;18773;1672;4966
31/03/2020;1218;177;735;19991;1849;5701
01/04/2020;1813;244;1216;21804;2093;6917
02/04/2020;1656;242;932;23460;2335;7849
03/04/2020;1274;173;786;24734;2508;8635
04/04/2020;1298;129;893;26032;2637;9528
05/04/2020;792;123;560;26824;2760;10088
06/04/2020;1499;148;650;28323;2908;10738
07/04/2020;1324;133;1512;29647;3041;12250
08/04/2020;1396;107;813;31043;3148;13063
09/04/2020;684;83;450;31727;3231;13513
10/04/2020;1257;100;785;32984;3331;14298
11/04/2020;1043;111;677;34027;3442;14975
12/04/2020;699;96;627;34726;3538;15602
13/04/2020;471;128;365;35197;3666;15967
14/04/2020;1308;90;684;36505;3756;16651
15/04/2020;849;99;646;37354;3855;17297
16/04/2020;962;134;826;38316;3752;12787
17/04/2020;1627;127;488;39943;3879;13275
18/04/2020;657;54;416;40600;3933;13691
19/04/2020;1076;76;243;41676;4009;13934
20/04/2020;1436;143;512;43112;4152;14446
21/04/2020;690;95;643;43802;4247;15089
22/04/2020;1090;96;388;44892;4343;15477
23/04/2020;1679;50;661;46571;4393;16138
24/04/2020;717;105;615;47288;4498;16753
25/04/2020;550;68;253;47838;4566;17006
26/04/2020;944;133;891;48782;4699;17897
27/04/2020;403;109;422;49185;4808;18319
28/04/2020;496;97;741;49681;4905;19060
29/04/2020;262;70;555;49943;4975;19615
30/04/2020;391;86;25;50334;5061;19640
01/05/2020;543;76;273;50877;5137;19913
02/05/2020;384;48;419;51261;5185;20332
03/05/2020;132;35;1566;51393;5220;21898
04/05/2020;405;50;655;51798;5270;22553
05/05/2020;292;75;328;52090;5345;22881
06/05/2020;415;49;350;52505;5394;23231
07/05/2020;704;77;433;53209;5471;23664
08/05/2020;369;36;399;53578;5507;24063
09/05/2020;151;25;286;53729;5532;24349
10/05/2020;83;23;105;56450;5555;24454
11/05/2020;184;66;512;56787;5621;24966
12/05/2020;136;71;360;56923;5692;25326
13/05/2020;202;131;523;57125;5823;25849
14/05/2020;151;59;55;57107;5882;25904
15/05/2020;123;33;163;57328;5915;26067
16/05/2020;116;29;105;57467;5944;26172
17/05/2020;85;12;0;57564;5956;
18/05/2020;51;25;0;57468;5981;
19/05/2020;63;40;0;57531;6021;
20/05/2020;0;0;0;57531;6021;
21/05/2020;150;3;0;58679;6656;
22/05/2020;92;7;0;58757;6663;
23/05/2020;52;31;0;58791;6701;
24/05/2020;89;3;0;57320;5575;
25/05/2020;115;9;0;57569;5583;
26/05/2020;93;9;0;57749;5583;
27/05/2020;39;8;0;58427;5584;
28/05/2020;47;8;0;58699;5584;
29/05/2020;88;13;0;59003;5587
30/05/2020;10;11;0;59013;5587
31/05/2020;16;11;0;59019;5587
01/06/2020;17;9;0;59035;5587
02/06/2020;38;8;0;59112;5587
03/06/2020;51;7;0;59163;5587
04/06/2020;19;7;0;59182;5587
05/06/2020;24;4;0;59199;5587
06/06/2020;10;9;0;59209;5587
07/06/2020;6;5;0;59215;5587
08/06/2020;17;4;0;59232;5587
09/06/2020;36;3;0;59298;5587
10/06/2020;27;3;0;59423;5587
11/06/2020;33;0;0;59593;5587
12/06/2020;21;0;0;59706;5587
13/06/2020;7;2;0;59820;5587
14/06/2020;17;1;0;59897;5587
15/06/2020;14;3;0;59944;5587
16/06/2020;23;5;0;60030;5587
17/06/2020;16;3;0;60340;5587
18/06/2020;32;3;0;60450;5662
19/06/2020;25;5;0;60530;5666
20/06/2020;23;3;0;60645;5666
21/06/2020;24;1;0;60714;5666
22/06/2020;15;0;0;60754;5666
23/06/2020;28;0;0;60847;5666
24/06/2020;11;0;0;60927;5666
25/06/2020;36;0;0;61073;5668
26/06/2020;72;0;0;61229;5668
27/06/2020;14;1;0;61355;5669
28/06/2020;11;1;0;61417;5669
29/06/2020;26;2;0;61494;5670
30/06/2020;17;2;0;61639;5671
01/07/2020;28;4;0;61888;5673
02/07/2020;42;2;0;62057;5673
03/07/2020;0;0;0;62057;5673
04/07/2020;0;0;0;62057;5673
05/07/2020;18;2;0;62797;5674
06/07/2020;36;1;0;62943;5675
07/07/2020;52;0;0;63042;5675
08/07/2020;52;0;0;63307;5675
09/07/2020;81;0;0;63888;5675
10/07/2020;0;0;0;63888;5675
11/07/2020;0;0;0;63888;5675
12/07/2020;42;0;0;65086;5676
13/07/2020;66;1;0;65429;5677
14/07/2020;91;2;0;65852;5678
15/07/2020;142;2;0;66570;5678
16/07/2020;121;1;0;67217;5678
17/07/2020;0;0;0;67217;5678
18/07/2020;0;0;0;67217;5678
19/07/2020;80;0;0;69393;5678
20/07/2020;63;0;0;69906;5678
21/07/2020;58;2;0;70317;5680
22/07/2020;182;2;0;71814;5680
23/07/2020;133;2;0;72919;5680
24/07/2020;0;0;0;72919;5680
25/07/2020;0;0;0;72919;5680
26/07/2020;71;0;0;75613;5680
27/07/2020;126;2;0;76332;5682
28/07/2020;211;4;0;77142;5685
29/07/2020;121;4;0;78257;5686
30/07/2020;64;4;0;79324;5686
31/07/2020;0;0;0;79324;5686
01/08/2020;0;0;0;79324;5686
02/08/2020;0;2;0;80568;5687
03/08/2020;109;5;0;83079;5703
04/08/2020;146;5;0;83850;5703
05/08/2020;149;5;0;84952;5703
06/08/2020;113;3;0;85970;5704
07/08/2020;0;0;0;85970;5704
08/08/2020;0;0;0;85970;5704
09/08/2020;76;2;0;88572;5706
10/08/2020;100;2;0;89015;5706
11/08/2020;200;2;0;89909;5706
12/08/2020;164;3;0;90890;5709
13/08/2020;169;1;0;91982;5709
14/08/2020;0;0;0;91982;5709
15/08/2020;0;0;0;91982;5709
16/08/2020;129;1;0;94702;5710
17/08/2020;69;3;0;95123;5712
18/08/2020;244;8;0;96139;5718
19/08/2020;180;10;0;97234;5722
20/08/2020;172;10;0;98462;5724
21/08/2020;0;0;0;98462;5724
22/08/2020;0;0;0;98462;5724
23/08/2020;84;6;0;102032;5725
24/08/2020;153;3;0;102817;5727
25/08/2020;165;8;0;104084;5740
26/08/2020;164;7;0;105429;5741
27/08/2020;141;4;0;106811;5741
28/08/2020;0;0;0;106811;5741
29/08/2020;0;0;0;106811;5741
30/08/2020;67;3;0;110017;5741
31/08/2020;142;3;0;110667;5749
01/09/2020;87;9;0;112230;5757
02/09/2020;113;9;0;113569;5758
03/09/2020;160;8;0;114987;5761
04/09/2020;0;0;0;114987;5761
05/09/2020;0;0;0;114987;5761
06/09/2020;87;8;0;118233;5769
07/09/2020;147;6;0;118974;5770
08/09/2020;93;4;0;119839;5773
09/09/2020;115;3;0;121054;5773
10/09/2020;198;8;0;122320;5780
11/09/2020;0;0;0;122320;5780
12/09/2020;0;0;0;122320;5780
13/09/2020;1;5;0;123393;5780
14/09/2020;0;5;0;123393;5780
15/09/2020;214;7;0;126234;5787
16/09/2020;110;7;0;127544;5796
17/09/2020;183;5;0;128901;5797
18/09/2020;0;0;0;128901;5797
19/09/2020;0;0;0;128901;5797
20/09/2020;127;2;0;132024;5802
21/09/2020;125;4;0;132700;5808
22/09/2020;146;10;0;133751;5823
